-10000 4
-8000  5
-7000  5
-6000  5
-5000  5
-4000  7
-3000  14
-2000  27
-1000  50
-750   60
-500   100
-400   160
-200   150
1      170
200    190
400    190
500    190
600    200
700    210
800    220
900    226
1000   310
1100   301
1200   360
1250   400
1300   360
1340   443
1400   350
1500   425
1600   545
1650   470
1700   600
1750   790
1800   980
1815   1000
1850   1260
1900   1650
1910   1750
1920   1860
1927   2000
1930   2070
1940   2300
1950   2400
1960   3020
1970   3700
1974   5000
1980   5000
1987   5000
1990   5000
1999   6000
2000   6070
2005   6500
2007   6576
2008   6900
